ball[1]:9
 02  24  38  56  71 
 03  30  32  50  66 
 08  21 FREE 60  75 
 06  18  44  57  74 
 04  27  36  48  72 

REACH: 0
BINGO: 0
--------------------
ball[2]:40
 02  24  38  56  71 
 03  30  32  50  66 
 08  21 FREE 60  75 
 06  18  44  57  74 
 04  27  36  48  72 

REACH: 0
BINGO: 0
--------------------
ball[3]:52
 02  24  38  56  71 
 03  30  32  50  66 
 08  21 FREE 60  75 
 06  18  44  57  74 
 04  27  36  48  72 

REACH: 0
BINGO: 0
--------------------
ball[4]:33
 02  24  38  56  71 
 03  30  32  50  66 
 08  21 FREE 60  75 
 06  18  44  57  74 
 04  27  36  48  72 

REACH: 0
BINGO: 0
--------------------
ball[5]:41
 02  24  38  56  71 
 03  30  32  50  66 
 08  21 FREE 60  75 
 06  18  44  57  74 
 04  27  36  48  72 

REACH: 0
BINGO: 0
--------------------
ball[6]:69
 02  24  38  56  71 
 03  30  32  50  66 
 08  21 FREE 60  75 
 06  18  44  57  74 
 04  27  36  48  72 

REACH: 0
BINGO: 0
--------------------
ball[7]:12
 02  24  38  56  71 
 03  30  32  50  66 
 08  21 FREE 60  75 
 06  18  44  57  74 
 04  27  36  48  72 

REACH: 0
BINGO: 0
--------------------
ball[8]:67
 02  24  38  56  71 
 03  30  32  50  66 
 08  21 FREE 60  75 
 06  18  44  57  74 
 04  27  36  48  72 

REACH: 0
BINGO: 0
--------------------
ball[9]:43
 02  24  38  56  71 
 03  30  32  50  66 
 08  21 FREE 60  75 
 06  18  44  57  74 
 04  27  36  48  72 

REACH: 0
BINGO: 0
--------------------
ball[10]:59
 02  24  38  56  71 
 03  30  32  50  66 
 08  21 FREE 60  75 
 06  18  44  57  74 
 04  27  36  48  72 

REACH: 0
BINGO: 0
--------------------
ball[11]:30
 02  24  38  56  71 
 03 (30) 32  50  66 
 08  21 FREE 60  75 
 06  18  44  57  74 
 04  27  36  48  72 

REACH: 0
BINGO: 0
--------------------
ball[12]:50
 02  24  38  56  71 
 03 (30) 32 (50) 66 
 08  21 FREE 60  75 
 06  18  44  57  74 
 04  27  36  48  72 

REACH: 0
BINGO: 0
--------------------
ball[13]:17
 02  24  38  56  71 
 03 (30) 32 (50) 66 
 08  21 FREE 60  75 
 06  18  44  57  74 
 04  27  36  48  72 

REACH: 0
BINGO: 0
--------------------
ball[14]:65
 02  24  38  56  71 
 03 (30) 32 (50) 66 
 08  21 FREE 60  75 
 06  18  44  57  74 
 04  27  36  48  72 

REACH: 0
BINGO: 0
--------------------
ball[15]:60
 02  24  38  56  71 
 03 (30) 32 (50) 66 
 08  21 FREE(60) 75 
 06  18  44  57  74 
 04  27  36  48  72 

REACH: 0
BINGO: 0
--------------------
ball[16]:25
 02  24  38  56  71 
 03 (30) 32 (50) 66 
 08  21 FREE(60) 75 
 06  18  44  57  74 
 04  27  36  48  72 

REACH: 0
BINGO: 0
--------------------
ball[17]:49
 02  24  38  56  71 
 03 (30) 32 (50) 66 
 08  21 FREE(60) 75 
 06  18  44  57  74 
 04  27  36  48  72 

REACH: 0
BINGO: 0
--------------------
ball[18]:19
 02  24  38  56  71 
 03 (30) 32 (50) 66 
 08  21 FREE(60) 75 
 06  18  44  57  74 
 04  27  36  48  72 

REACH: 0
BINGO: 0
--------------------
ball[19]:70
 02  24  38  56  71 
 03 (30) 32 (50) 66 
 08  21 FREE(60) 75 
 06  18  44  57  74 
 04  27  36  48  72 

REACH: 0
BINGO: 0
--------------------
ball[20]:13
 02  24  38  56  71 
 03 (30) 32 (50) 66 
 08  21 FREE(60) 75 
 06  18  44  57  74 
 04  27  36  48  72 

REACH: 0
BINGO: 0
--------------------
ball[21]:51
 02  24  38  56  71 
 03 (30) 32 (50) 66 
 08  21 FREE(60) 75 
 06  18  44  57  74 
 04  27  36  48  72 

REACH: 0
BINGO: 0
--------------------
ball[22]:38
 02  24 (38) 56  71 
 03 (30) 32 (50) 66 
 08  21 FREE(60) 75 
 06  18  44  57  74 
 04  27  36  48  72 

REACH: 0
BINGO: 0
--------------------
ball[23]:36
 02  24 (38) 56  71 
 03 (30) 32 (50) 66 
 08  21 FREE(60) 75 
 06  18  44  57  74 
 04  27 (36) 48  72 

REACH: 0
BINGO: 0
--------------------
ball[24]:44
 02  24 (38) 56  71 
 03 (30) 32 (50) 66 
 08  21 FREE(60) 75 
 06  18 (44) 57  74 
 04  27 (36) 48  72 

REACH: 1
BINGO: 0
--------------------
ball[25]:11
 02  24 (38) 56  71 
 03 (30) 32 (50) 66 
 08  21 FREE(60) 75 
 06  18 (44) 57  74 
 04  27 (36) 48  72 

REACH: 1
BINGO: 0
--------------------
ball[26]:42
 02  24 (38) 56  71 
 03 (30) 32 (50) 66 
 08  21 FREE(60) 75 
 06  18 (44) 57  74 
 04  27 (36) 48  72 

REACH: 1
BINGO: 0
--------------------
ball[27]:71
 02  24 (38) 56 (71)
 03 (30) 32 (50) 66 
 08  21 FREE(60) 75 
 06  18 (44) 57  74 
 04  27 (36) 48  72 

REACH: 1
BINGO: 0
--------------------
ball[28]:56
 02  24 (38)(56)(71)
 03 (30) 32 (50) 66 
 08  21 FREE(60) 75 
 06  18 (44) 57  74 
 04  27 (36) 48  72 

REACH: 1
BINGO: 0
--------------------
ball[29]:24
 02 (24)(38)(56)(71)
 03 (30) 32 (50) 66 
 08  21 FREE(60) 75 
 06  18 (44) 57  74 
 04  27 (36) 48  72 

REACH: 2
BINGO: 0
--------------------
ball[30]:28
 02 (24)(38)(56)(71)
 03 (30) 32 (50) 66 
 08  21 FREE(60) 75 
 06  18 (44) 57  74 
 04  27 (36) 48  72 

REACH: 2
BINGO: 0
--------------------
ball[31]:14
 02 (24)(38)(56)(71)
 03 (30) 32 (50) 66 
 08  21 FREE(60) 75 
 06  18 (44) 57  74 
 04  27 (36) 48  72 

REACH: 2
BINGO: 0
--------------------
ball[32]:55
 02 (24)(38)(56)(71)
 03 (30) 32 (50) 66 
 08  21 FREE(60) 75 
 06  18 (44) 57  74 
 04  27 (36) 48  72 

REACH: 2
BINGO: 0
--------------------
ball[33]:8
 02 (24)(38)(56)(71)
 03 (30) 32 (50) 66 
(08) 21 FREE(60) 75 
 06  18 (44) 57  74 
 04  27 (36) 48  72 

REACH: 2
BINGO: 0
--------------------
ball[34]:1
 02 (24)(38)(56)(71)
 03 (30) 32 (50) 66 
(08) 21 FREE(60) 75 
 06  18 (44) 57  74 
 04  27 (36) 48  72 

REACH: 2
BINGO: 0
--------------------
ball[35]:20
 02 (24)(38)(56)(71)
 03 (30) 32 (50) 66 
(08) 21 FREE(60) 75 
 06  18 (44) 57  74 
 04  27 (36) 48  72 

REACH: 2
BINGO: 0
--------------------
ball[36]:58
 02 (24)(38)(56)(71)
 03 (30) 32 (50) 66 
(08) 21 FREE(60) 75 
 06  18 (44) 57  74 
 04  27 (36) 48  72 

REACH: 2
BINGO: 0
--------------------
ball[37]:21
 02 (24)(38)(56)(71)
 03 (30) 32 (50) 66 
(08)(21)FREE(60) 75 
 06  18 (44) 57  74 
 04  27 (36) 48  72 

REACH: 3
BINGO: 0
--------------------
ball[38]:34
 02 (24)(38)(56)(71)
 03 (30) 32 (50) 66 
(08)(21)FREE(60) 75 
 06  18 (44) 57  74 
 04  27 (36) 48  72 

REACH: 3
BINGO: 0
--------------------
ball[39]:7
 02 (24)(38)(56)(71)
 03 (30) 32 (50) 66 
(08)(21)FREE(60) 75 
 06  18 (44) 57  74 
 04  27 (36) 48  72 

REACH: 3
BINGO: 0
--------------------
ball[40]:54
 02 (24)(38)(56)(71)
 03 (30) 32 (50) 66 
(08)(21)FREE(60) 75 
 06  18 (44) 57  74 
 04  27 (36) 48  72 

REACH: 3
BINGO: 0
--------------------
ball[41]:5
 02 (24)(38)(56)(71)
 03 (30) 32 (50) 66 
(08)(21)FREE(60) 75 
 06  18 (44) 57  74 
 04  27 (36) 48  72 

REACH: 3
BINGO: 0
--------------------
ball[42]:15
 02 (24)(38)(56)(71)
 03 (30) 32 (50) 66 
(08)(21)FREE(60) 75 
 06  18 (44) 57  74 
 04  27 (36) 48  72 

REACH: 3
BINGO: 0
--------------------
ball[43]:10
 02 (24)(38)(56)(71)
 03 (30) 32 (50) 66 
(08)(21)FREE(60) 75 
 06  18 (44) 57  74 
 04  27 (36) 48  72 

REACH: 3
BINGO: 0
--------------------
ball[44]:47
 02 (24)(38)(56)(71)
 03 (30) 32 (50) 66 
(08)(21)FREE(60) 75 
 06  18 (44) 57  74 
 04  27 (36) 48  72 

REACH: 3
BINGO: 0
--------------------
ball[45]:32
 02 (24)(38)(56)(71)
 03 (30)(32)(50) 66 
(08)(21)FREE(60) 75 
 06  18 (44) 57  74 
 04  27 (36) 48  72 

REACH: 2
BINGO: 1
--------------------
ball[46]:75
 02 (24)(38)(56)(71)
 03 (30)(32)(50) 66 
(08)(21)FREE(60)(75)
 06  18 (44) 57  74 
 04  27 (36) 48  72 

REACH: 1
BINGO: 2
--------------------
ball[47]:53
 02 (24)(38)(56)(71)
 03 (30)(32)(50) 66 
(08)(21)FREE(60)(75)
 06  18 (44) 57  74 
 04  27 (36) 48  72 

REACH: 1
BINGO: 2
--------------------
ball[48]:3
 02 (24)(38)(56)(71)
(03)(30)(32)(50) 66 
(08)(21)FREE(60)(75)
 06  18 (44) 57  74 
 04  27 (36) 48  72 

REACH: 2
BINGO: 2
--------------------
ball[49]:4
 02 (24)(38)(56)(71)
(03)(30)(32)(50) 66 
(08)(21)FREE(60)(75)
 06  18 (44) 57  74 
(04) 27 (36) 48  72 

REACH: 3
BINGO: 2
--------------------
ball[50]:61
 02 (24)(38)(56)(71)
(03)(30)(32)(50) 66 
(08)(21)FREE(60)(75)
 06  18 (44) 57  74 
(04) 27 (36) 48  72 

REACH: 3
BINGO: 2
--------------------
ball[51]:66
 02 (24)(38)(56)(71)
(03)(30)(32)(50)(66)
(08)(21)FREE(60)(75)
 06  18 (44) 57  74 
(04) 27 (36) 48  72 

REACH: 2
BINGO: 3
--------------------
ball[52]:46
 02 (24)(38)(56)(71)
(03)(30)(32)(50)(66)
(08)(21)FREE(60)(75)
 06  18 (44) 57  74 
(04) 27 (36) 48  72 

REACH: 2
BINGO: 3
--------------------
ball[53]:72
 02 (24)(38)(56)(71)
(03)(30)(32)(50)(66)
(08)(21)FREE(60)(75)
 06  18 (44) 57  74 
(04) 27 (36) 48 (72)

REACH: 3
BINGO: 3
--------------------
ball[54]:63
 02 (24)(38)(56)(71)
(03)(30)(32)(50)(66)
(08)(21)FREE(60)(75)
 06  18 (44) 57  74 
(04) 27 (36) 48 (72)

REACH: 3
BINGO: 3
--------------------
ball[55]:16
 02 (24)(38)(56)(71)
(03)(30)(32)(50)(66)
(08)(21)FREE(60)(75)
 06  18 (44) 57  74 
(04) 27 (36) 48 (72)

REACH: 3
BINGO: 3
--------------------
ball[56]:26
 02 (24)(38)(56)(71)
(03)(30)(32)(50)(66)
(08)(21)FREE(60)(75)
 06  18 (44) 57  74 
(04) 27 (36) 48 (72)

REACH: 3
BINGO: 3
--------------------
ball[57]:35
 02 (24)(38)(56)(71)
(03)(30)(32)(50)(66)
(08)(21)FREE(60)(75)
 06  18 (44) 57  74 
(04) 27 (36) 48 (72)

REACH: 3
BINGO: 3
--------------------
ball[58]:27
 02 (24)(38)(56)(71)
(03)(30)(32)(50)(66)
(08)(21)FREE(60)(75)
 06  18 (44) 57  74 
(04)(27)(36) 48 (72)

REACH: 5
BINGO: 3
--------------------
ball[59]:6
 02 (24)(38)(56)(71)
(03)(30)(32)(50)(66)
(08)(21)FREE(60)(75)
(06) 18 (44) 57  74 
(04)(27)(36) 48 (72)

REACH: 6
BINGO: 3
--------------------
ball[60]:29
 02 (24)(38)(56)(71)
(03)(30)(32)(50)(66)
(08)(21)FREE(60)(75)
(06) 18 (44) 57  74 
(04)(27)(36) 48 (72)

REACH: 6
BINGO: 3
--------------------
ball[61]:37
 02 (24)(38)(56)(71)
(03)(30)(32)(50)(66)
(08)(21)FREE(60)(75)
(06) 18 (44) 57  74 
(04)(27)(36) 48 (72)

REACH: 6
BINGO: 3
--------------------
ball[62]:23
 02 (24)(38)(56)(71)
(03)(30)(32)(50)(66)
(08)(21)FREE(60)(75)
(06) 18 (44) 57  74 
(04)(27)(36) 48 (72)

REACH: 6
BINGO: 3
--------------------
ball[63]:74
 02 (24)(38)(56)(71)
(03)(30)(32)(50)(66)
(08)(21)FREE(60)(75)
(06) 18 (44) 57 (74)
(04)(27)(36) 48 (72)

REACH: 5
BINGO: 4
--------------------
ball[64]:48
 02 (24)(38)(56)(71)
(03)(30)(32)(50)(66)
(08)(21)FREE(60)(75)
(06) 18 (44) 57 (74)
(04)(27)(36)(48)(72)

REACH: 5
BINGO: 5
--------------------
ball[65]:62
 02 (24)(38)(56)(71)
(03)(30)(32)(50)(66)
(08)(21)FREE(60)(75)
(06) 18 (44) 57 (74)
(04)(27)(36)(48)(72)

REACH: 5
BINGO: 5
--------------------
ball[66]:22
 02 (24)(38)(56)(71)
(03)(30)(32)(50)(66)
(08)(21)FREE(60)(75)
(06) 18 (44) 57 (74)
(04)(27)(36)(48)(72)

REACH: 5
BINGO: 5
--------------------
ball[67]:45
 02 (24)(38)(56)(71)
(03)(30)(32)(50)(66)
(08)(21)FREE(60)(75)
(06) 18 (44) 57 (74)
(04)(27)(36)(48)(72)

REACH: 5
BINGO: 5
--------------------
ball[68]:64
 02 (24)(38)(56)(71)
(03)(30)(32)(50)(66)
(08)(21)FREE(60)(75)
(06) 18 (44) 57 (74)
(04)(27)(36)(48)(72)

REACH: 5
BINGO: 5
--------------------
ball[69]:31
 02 (24)(38)(56)(71)
(03)(30)(32)(50)(66)
(08)(21)FREE(60)(75)
(06) 18 (44) 57 (74)
(04)(27)(36)(48)(72)

REACH: 5
BINGO: 5
--------------------
ball[70]:18
 02 (24)(38)(56)(71)
(03)(30)(32)(50)(66)
(08)(21)FREE(60)(75)
(06)(18)(44) 57 (74)
(04)(27)(36)(48)(72)

REACH: 4
BINGO: 7
--------------------
ball[71]:2
(02)(24)(38)(56)(71)
(03)(30)(32)(50)(66)
(08)(21)FREE(60)(75)
(06)(18)(44) 57 (74)
(04)(27)(36)(48)(72)

REACH: 3
BINGO: 9
--------------------
ball[72]:39
(02)(24)(38)(56)(71)
(03)(30)(32)(50)(66)
(08)(21)FREE(60)(75)
(06)(18)(44) 57 (74)
(04)(27)(36)(48)(72)

REACH: 3
BINGO: 9
--------------------
ball[73]:73
(02)(24)(38)(56)(71)
(03)(30)(32)(50)(66)
(08)(21)FREE(60)(75)
(06)(18)(44) 57 (74)
(04)(27)(36)(48)(72)

REACH: 3
BINGO: 9
--------------------
ball[74]:57
(02)(24)(38)(56)(71)
(03)(30)(32)(50)(66)
(08)(21)FREE(60)(75)
(06)(18)(44)(57)(74)
(04)(27)(36)(48)(72)

REACH: 0
BINGO: 12
--------------------